[
{
"id": 300,
"size" : [2048, 2048],
"transfo" : 
	[
		{
			"description":"MMS trajectory",
			"type" : "affine",
			"trajectory": 1
		},
		{	
			"description":"itownsWay",
			"type" : "linear",
			"mat3" : [
        		0, 0, 1,
				1, 0, 0,
				0,-1, 0
			]
		},
		{	
			"description":"position",
			"type" : "translation",
			"vec3" : [ 0.145711, 0.0008142, 0.867 ]
		},
		{	
			"description":"rotation",
			"type" : "linear",
			"mat3" : [ 
				0.000735648, -0.00148884, -0.999999,
				0.999998, 0.00205265, 0.000732591,
				0.00205156, -0.999997 , 0.00149035
			]
		},
		{	
			"description":"JMM",
			"type" : "linear",
			"mat3": [ 
        		 0, -1, 0,
                 0,  0, 1,
                -1,  0, 0
        	]
		},
		{	
			"description":"rot0, rot90, rot180, rot270",
			"type" : "linear",
			"orientation": 3
		},
		{	
			"description":"photgramme_image",
			"type" : "linear",
			"mat3" : [ 
				1, 0, 0,
                0,-1, 0,
                0, 0,-1
			]
		},
		{	
			"description":"projection",
			"type" : "linear",
			"mat3" : [ 
				1150.66785706630299, 0, 1030.29197487242254,
				0, 1150.66785706630299, 1023.03935469545331,
				0, 0, 1
			]
		},
		{
			"description":"disto357",
			"type" : "distortion",
			"pps": [ 1042.178, 1020.435 ],
			"poly357": [-1.33791587603751819E-7, 3.47540977328314388E-14, -4.44103985918888078E-21]
		}
	]
},
{
"id": 301,
"mask" : "images/mask301.jpg",
"size" : [2048, 2048],
"transfo" : 
	[
		{
			"description":"MMS trajectory",
			"type" : "affine",
			"trajectory": 1
		},
		{	
			"description":"itownsWay",
			"type" : "linear",
			"mat3" : [
        		0, 0, 1,
				1, 0, 0,
				0,-1, 0
			]
		},
		{	
			"description":"position",
			"type" : "translation",
			"vec3" : [ 0.0449668, -0.0620361, 0.865681 ]
		},
		{	
			"description":"rotation",
			"type" : "linear",
			"mat3" : [ 
				0.999983, 0.00573631 , -0.000416302 ,
				0.0057386, -0.999967, 0.00572497,
				-0.000383448, -0.00572726 , -0.999984
			]
		},
		{	
			"description":"JMM",
			"type" : "linear",
			"mat3": [ 
        		 0, -1, 0,
                 0,  0, 1,
                -1,  0, 0
        	]
		},
		{	
			"description":"rot0, rot90, rot180, rot270",
			"type" : "linear",
			"orientation": 2
		},
		{	
			"description":"photgramme_image",
			"type" : "linear",
			"mat3" : [ 
				1, 0, 0,
                0,-1, 0,
                0, 0,-1
			]
		},
		{	
			"description":"projection",
			"type" : "linear",
			"mat3" : [ 
				1134.10249915110944, 0, 1036.59553362753832,
				0, 1134.10249915110944, 1020.60367439771176,
				0, 0, 1
			]
		},
		{
			"description":"disto357",
			"type" : "distortion",
			"pps": [ 1042.178, 1020.435 ],
			"poly357": [-1.40358671178762456E-7, 3.68704437301178485E-14, -4.70823660788942483E-21]
		}
	]
},
{
"id": 302,
"size" : [2048, 2048],
"transfo" : 
	[
		{
			"description":"MMS trajectory",
			"type" : "affine",
			"trajectory": 1
		},
		{	
			"description":"itownsWay",
			"type" : "linear",
			"mat3" : [
        		0, 0, 1,
				1, 0, 0,
				0,-1, 0
			]
		},
		{	
			"description":"position",
			"type" : "translation",
			"vec3" : [ 0.0856818, 0.102837, 0.866901 ]
		},
		{	
			"description":"rotation",
			"type" : "linear",
			"mat3" : [ 
				-0.000880418, -0.999989 , -0.00459435 ,
				-0.999978, 0.0008499, 0.00664034,
				-0.00663636, 0.00460009, -0.999967
			]
		},
		{	
			"description":"JMM",
			"type" : "linear",
			"mat3": [ 
        		 0, -1, 0,
                 0,  0, 1,
                -1,  0, 0
        	]
		},
		{	
			"description":"rot0, rot90, rot180, rot270",
			"type" : "linear",
			"orientation": 2
		},
		{	
			"description":"photgramme_image",
			"type" : "linear",
			"mat3" : [ 
				1, 0, 0,
                0,-1, 0,
                0, 0,-1
			]
		},
		{	
			"description":"projection",
			"type" : "linear",
			"mat3" : [ 
				1129.96581598065382, 0, 1044.51004790981142,
				0, 1129.96581598065382, 1023.12591368801895,
				0, 0, 1
			]
		},
		{
			"description":"disto357",
			"type" : "distortion",
			"pps": [ 1042.178, 1020.435 ],
			"poly357": [-1.43584241381542442E-7, 3.85479524108064982E-14, -5.0301787584825994E-21 ]
		}
	]
},
{
"id": 303,
"mask" : "images/mask303.jpg",
"size" : [2048, 2048],
"transfo" : 
	[
		{
			"description":"MMS trajectory",
			"type" : "affine",
			"trajectory": 1
		},
		{	
			"description":"itownsWay",
			"type" : "linear",
			"mat3" : [
        		0, 0, 1,
				1, 0, 0,
				0,-1, 0
			]
		},
		{	
			"description":"position",
			"type" : "translation",
			"vec3" : [ 0.248471, 0.060197, 0.865218 ]
		},
		{	
			"description":"rotation",
			"type" : "linear",
			"mat3" : [ 
				-0.999997, -0.000490943 , -0.00239044, 
				-0.000499298, 0.999994, 0.00349604,
				0.00238871, 0.00349722, -0.999991
			]
		},
		{	
			"description":"JMM",
			"type" : "linear",
			"mat3": [ 
        		 0, -1, 0,
                 0,  0, 1,
                -1,  0, 0
        	]
		},
		{	
			"description":"rot0, rot90, rot180, rot270",
			"type" : "linear",
			"orientation": 2
		},
		{	
			"description":"photgramme_image",
			"type" : "linear",
			"mat3" : [ 
				1, 0, 0,
                0,-1, 0,
                0, 0,-1
			]
		},
		{	
			"description":"projection",
			"type" : "linear",
			"mat3" : [ 
				1128.12363890680899, 0, 1027.81789269340265,
				0, 1128.12363890680899, 1024.17550959203095,
				0, 0, 1
			]
		},
		{
			"description":"disto357",
			"type" : "distortion",
			"pps": [ 1042.178, 1020.435 ],
			"poly357": [-1.43584241381542442E-7, 3.85479524108064982E-14, -5.0301787584825994E-21 ]
		}
	]
},
{
"id": 304,
"size" : [2048, 2048],
"transfo" : 
	[
		{
			"description":"MMS trajectory",
			"type" : "affine",
			"trajectory": 1
		},
		{	
			"description":"itownsWay",
			"type" : "linear",
			"mat3" : [
        		0, 0, 1,
				1, 0, 0,
				0,-1, 0
			]
		},
		{	
			"description":"position",
			"type" : "translation",
			"vec3" : [ 0.207387, -0.0996596, 0.863219 ]
		},
		{	
			"description":"rotation",
			"type" : "linear",
			"mat3" : [ 
				0.00374348, 0.999988 , -0.0030323,
				0.999979, -0.00375951, -0.00529837,
				-0.0053097, -0.00301241 , -0.999981
			]
		},
		{	
			"description":"JMM",
			"type" : "linear",
			"mat3": [ 
        		 0, -1, 0,
                 0,  0, 1,
                -1,  0, 0
        	]
		},
		{	
			"description":"rot0, rot90, rot180, rot270",
			"type" : "linear",
			"orientation": 2
		},
		{	
			"description":"photgramme_image",
			"type" : "linear",
			"mat3" : [ 
				1, 0, 0,
                0,-1, 0,
                0, 0,-1
			]
		},
		{	
			"description":"projection",
			"type" : "linear",
			"mat3" : [ 
				1128.70551522705205, 0, 1037.71094725878015,
				0, 1128.70551522705205, 1032.63268273716631,
				0, 0, 1
			]
		},
		{
			"description":"disto357",
			"type" : "distortion",
			"pps": [ 1042.178, 1020.435 ],
			"poly357": [ -1.4331013261463578E-7, 3.77792882615437153E-14, -4.83479389959883182E-21 ]
		}
	]
}
]
